104,4
104,3
104,2
104,1
104,0
103,4
103,3
103,2
103,1
103,0
102,3
102,2
102,1
102,0
101,4
101,3
101,2
101,1
101,0
100,4
100,3
100,2
100,1
100,0
99,3
99,2
0,524
99,1
99,0
0,523
0,522
0,521
98,4
98,3
98,2
98,1
98,0
97,4
97,3
97,2
0,520
97,1
97,0
96,3
96,2
0,519
96,1
96,0
95,4
95,3
95,2
95,1
95,0
94,4
94,3
94,2
94,1
94,0
93,3
93,2
93,1
93,0
92,4
92,3
92,2
92,1
92,0
91,4
91,3
91,2
91,1
91,0
0,518
0,517
90,3
90,2
0,516
90,1
90,0
89,4
89,3
89,2
89,1
89,0
88,4
88,3
88,2
0,515
88,1
88,0
0,514
87,3
87,2
87,1
87,0
86,4
86,3
86,2
86,1
86,0
85,4
85,3
85,2
85,1
85,0
84,3
84,2
84,1
84,0
83,4
83,3
83,2
83,1
83,0
0,513
0,512
82,4
82,3
82,2
0,511
82,1
82,0
81,3
81,2
0,510
81,1
81,0
0,509
80,4
80,3
80,2
80,1
80,0
0,508
79,4
79,3
79,2
0,507
79,1
79,0
78,3
78,2
78,1
78,0
77,4
77,3
77,2
77,1
77,0
76,4
76,3
76,2
76,1
76,0
75,3
75,2
75,1
75,0
74,4
74,3
74,2
74,1
74,0
0,506
73,4
73,3
73,2
0,505
73,1
73,0
72,3
72,2
72,1
72,0
0,504
0,503
0,502
0,501
71,4
71,3
71,2
71,1
71,0
0,500
0,499
0,498
0,497
0,496
